373698
373699
372002
373696
371950
373697
372001
372000
371956
371955
371958
371957
371952
371951
371954
371953
371959
371945
371944
371947
371946
371941
371940
371943
371942
371949
371948
371970
371851
371972
371850
371971
371978
371857
371856
371977
371859
371858
371979
371974
371853
371852
371973
371855
371976
371854
371975
371961
371960
371967
371966
371969
371848
371968
371847
371963
371962
371965
371964
371849
371871
371992
371870
371991
371873
371994
371872
371993
371990
371879
371912
371878
371911
371999
371914
371913
371875
371996
371874
371995
371877
371910
371998
371876
371997
371919
371916
371915
371918
371917
371981
371860
371980
371862
371983
371982
371861
371901
371868
371989
371900
371867
371988
371903
371902
371869
371864
371985
371863
371984
371866
371987
371865
371986
371909
371908
371905
371904
371907
371906
371893
371892
373710
371895
371894
371891
371890
371934
371933
371936
373715
371897
373713
371930
371896
373714
371899
373711
371932
371898
373712
371931
371938
371937
371939
371882
371881
371884
371883
371880
373706
371923
371889
373707
371922
371925
373704
371924
373705
371886
373702
371885
373703
373700
371888
371921
371887
373701
371920
371927
371926
373708
371929
373709
371928
459955
459834
459954
459833
459957
459836
460149
459956
459835
459959
459838
459958
459837
460265
460143
460264
460142
460263
460141
460262
460020
460148
460269
460027
460147
460268
460026
460146
460267
460025
460145
460266
460024
460150
459960
459843
459842
459844
459847
459846
460039
459849
459848
459969
460034
460154
460033
460153
460152
460038
460037
460036
460035
460162
460041
460040
459850
459971
459970
459973
459852
459851
459972
459975
459854
459974
459853
460009
460129
460008
460128
460007
460127
460006
460122
460001
460121
460000
460120
460126
460005
460125
460004
460124
460003
460123
460002
459944
459943
460019
460139
459946
459825
460018
460138
459945
460259
460017
459948
459947
459826
459829
459828
459949
460133
460012
460132
460011
460131
460130
460137
460016
460136
460015
460135
460014
460134
460013
460140
460261
460260
459830
459951
459950
459953
459832
459831
459952
460108
460229
459911
460107
460228
459910
460106
459913
460105
459912
459915
459914
460109
460100
460221
460220
460104
460225
460103
460224
460102
460223
460101
460222
460119
460118
460117
460116
460111
460232
460110
460231
460230
460115
460114
460235
460113
460234
460112
460233
460218
459900
460217
460216
459902
460215
459901
459904
459903
459906
460219
459905
459908
459907
459909
460214
491951
459899
460086
460092
460096
460095
460094
460093
460099
460098
460097
459999
459998
460188
460187
460186
460185
460069
460189
460068
460070
460073
460072
460071
459883
459882
459884
459887
459886
459889
459888
460078
460077
460076
460079
460081
460080
460085
460084
459890
460083
460082
459892
459891
459893
459896
459895
459898
459897
459977
459856
459976
459855
459979
459978
460166
460045
460165
460044
460164
460043
460163
460042
460049
460169
460048
460168
460047
460167
460046
460172
460171
460170
459980
459982
459981
459863
459984
459983
459986
459865
459864
459985
459867
459988
459866
459987
459869
459868
460055
460054
460053
460059
460058
460057
460180
460184
460063
460183
460062
460182
460061
460181
460060
459870
459991
459990
459872
459993
459992
459871
459995
459873
459994
459997
459996
459878
459877
460227
460029
459879
460028
459917
459916
460144
460067
460023
460066
459918
460022
460065
460021
460191
460151
460272
460194
460271
460193
460192
459880
459962
459841
459961
459840
459964
459963
459845
459922
459965
460238
459967
459805
459807
459928
459806
459809
460155
460199
459808
459929
460198
460197
460274
460032
460196
460031
460159
460236
460157
460161
460160
459894
491952
459810
459812
459933
459811
459814
459858
460204
459857
460209
459818
459817
460208
491948
459819
460087
460202
460201
460173
460052
459861
459862
459821
459942
459941
459822
459824
459827
460254
460175
460010
460174
460256
460211
460255
459876
460226
459839
459919
460064
460190
460195
460074
460030
460270
459881
459920
460239
459921
459968
459924
460237
459923
459926
459925
459927
460075
460273
460158
460156
459931
459930
460207
459932
460206
460205
460249
459935
459813
460248
459934
459816
459937
459815
459936
459859
459939
459938
460243
460089
460242
460088
460241
460240
460247
460246
460245
460200
460244
460091
460090
460250
460051
460050
459860
459940
459820
459823
459989
460177
460210
460056
460176
460253
460252
460251
460258
460213
460257
460179
460212
460178
459874
459875